  4.0000000e-001  9.0000000e-001
  6.2000000e-001  9.0000000e-001
  3.6000000e-001  7.0000000e-001
  6.6000000e-001  7.0000000e-001
  3.2000000e-001  5.0000000e-001
  6.9000000e-001  5.0000000e-001
  3.6000000e-001  3.1000000e-001
  6.6000000e-001  3.1000000e-001
  4.0000000e-001  0.9000000e-001
  6.2000000e-001  0.9000000e-001
  2.3000000e-001  7.5000000e-001
  7.9000000e-001  7.5000000e-001
  1.5000000e-001  5.0000000e-001
  8.5000000e-001  5.0000000e-001
  2.3000000e-001  2.6000000e-001
  7.9000000e-001  2.6000000e-001
  5.1000000e-001  7.1000000e-001
  5.1000000e-001  5.0000000e-001
  5.1000000e-001  3.0000000e-001